1299
4145
6687
2629
5017
9637
2039
305
3875
9317
7045
4793
1745
8901
7807
1801
4913
3591
6099
9057
8819
2331
1699
2365
6291
5023
4411
1871
4423
1507
4099
4535
215
8639
1873
8871
2981
6869
1621
6985
9307
9959
3071
3395
8067
7377
6181
2317
3881
2437
8155
9249
2115
3059
3613
7233
7419
4609
5001
3095
9847
9337
2315
7547
4139
1463
1261
8517
5701
9801
5431
2987
4529
4869
5349
1965
3065
4281
3597
5657
3707
9803
4015
9967
8715
4729
2215
4205
6381
5983
7445
8027
409
8885
9083
6979
4831
2695
9087
533
6131
509
3431
6441
5967
1051
7215
1293
2557
2411
9513
883
353
7475
3209
8071
5449
5525
4595
6903
7615
9947
3141
3599
6617
4019
155
8425
767
8317
5843
2847
2875
6595
2851
2737
7527
7677
67
4681
8389
8523
9101
5841
8639
8559
2869
9715
1945
7331
4103
3127
2515
1353
7281
7417
747
5367
7579
8517
7005
6815
3759
37
3725
3135
5969
6133
6619
7035
45
8885
7355
1345
211
7811
9751
1601
1383
7591
7243
1787
2011
5003
6223
245
2563
6225
4135
5177
8581
2233
9003
5679
6223
4597
4909
6549
2497
3763
2801
9323
9557
6413
5207
3197
8427
7969
2621
6423
2801
5535
5429
7165
6121
919
7035
2461
5671
5619
5805
8077
1567
7795
2127
5871
7803
8173
1237
2515
3893
8041
8809
8463
4263
1955
191
803
633
9729
6441
3115
2055
73
8483
4433
2111
8729
2677
5939
1063
9281
5679
7369
1475
7901
239
6825
5693
989
2207
4653
2581
7009
277
1769
3547
8521
999
8119
507
3165
7159
3193
9675
6283
1903
8023
7205
8481
2953
6075
6233
9833
2663
7693
1627
5893
3815
3947
2237
9095
4777
95
4683
4887
6281
3325
6607
6377
2845
3931
2943
9649
5881
9697
1311
4799
9397
969
9571
4881
7979
9553
1927
9993
2421
8617
2983
7723
4369
665
9273
5641
6627
843
2117
3485
2377
8295
1341
7985
6351
3937
9817
5697
8315
2883
139
6919
6481
455
2945
1991
6963
9323
4811
3249
7755
407
5065
5157
2891
2025
9105
1075
4951
6725
4613
8041
2447
8741
2741
5037
5073
7759
6431
6967
9575
91
4251
6327
1931
4165
6381
4185
9771
2773
2029
6589
9143
1073
8303
7129
3397
5183
7459
2551
9815
9379
2281
9307
5347
9267
2525
5167
3253
5071
2323
9737
2787
7037
8967
8921
1951
1261
9477
4369
783
9035
9267
15
4205
2677
5579
1153
9767
385
1341
543
8713
371
3775
9867
5613
3993
2455
8991
9215
1767
8951
3759
6457
4293
2425
6315
2535
9643
429
2161
1287
589
5669
5151
7079
8077
2255
6077
4065
7441
6335
1407
5559
6679
6067
9509
623
201
1559
7649
8223
9735
415
3635
3565
5369
1999
857
9339
8057
4607
409
7227
6455
7875
695
3071
2121
9791
1609
7647
3183
4369
1223
8613
2241
9723
7921
5579
8623
2775
8399
245
2383
9619
3169
9843
5381
2539
2939
8823
4243
5577
5983
7673
3687
3383
6171
9311
3461
7831
9297
8475
4925
4671
1875
7407
6555
9301
899
8233
6791
1671
7213
6201
5015
7161
1451
3857
1169
6083
4009
4463
5823
8169
517
1161
9851
4063
9597
2505
9655
4713
1195
8105
7149
4837
7001
9425
1309
9833
4013
6695
7309
6595
6599
8289
1571
3577
3201
6167
6973
7861
1501
2411
4637
2845
7373
7403
3571
5395
1635
1827
3257
3655
2511
4283
8425
4607
9525
8555
7749
1501
1807
8635
2373
5139
905
9287
627
9131
2393
4817
1929
7791
333
1205
3379
2135
7673
4027
2891
2065
6739
9137
3119
5475
7851
3309
9571
4015
3971
8353
7299
507
5559
3627
583
3747
8489
1413
9445
2961
8935
7223
7153
2563
3657
7119
4647
5175
4579
5949
5185
1557
5851
1985
165
7267
6227
5287
1895
8289
2641
1009
9041
75
7271
6505
107
3463
8571
4259
9523
5471
9955
2141
2437
5367
6109
6133
5815
5109
4285
2773
1741
3803
2025
7655
1377
6431
4121
395
1217
805
7479
4363
2151
3929
7353
8707
9149
5389
427
7901
3729
6151
1743
1245
4623
2803
4595
1153
4989
5245
2513
6449
5217
2669
6717
4239
9089
8895
7737
789
4209
3599
2683
2827
8743
8495
4159
95
21
3545
5181
963
9701
3961
8053
8095
9853
7311
5727
5065
1021
7115
8969
1573
9665
3719
1735
7695
8287
2557
7837
4191
5607
1741
6155
2577
5677
3677
3395
1971
6673
9169
8317
6853
873
8519
6755
4929
3465
8577
4299
13
9419
2219
91
5033
8185
5797
5965
6507
149
2803
2073
7769
6383
4081
2975
1577
9265
4167
6659
7877
8333
8653
8427
4535
9131
7499
3091
5507
2069
6971
9423
2243
3035
235
8513
6903
825
6009
2761
9245
553
5889
8865
1119
4149
6959
4949
87
2699
8913
8943
4841
8795
9409
8211
4737
8105
5447
2975
7301
5123
3937
953
9359
2443
437
6319
7095
3817
4829
6435
6533
8747
8459
5349
1115
7251
3659
7623
9717
8647
7471
1055
3133
9017
9241
6933
3123
6441
8553
2425
3321
1327
9067
9287
2175
7205
6541
3677
9061
1379
81
4429
7021
7217
3053
279
2901
4065
2143
6843
1811
7379
1337
6299
9453
7541
2227
9087
2941
8877
7961
2917
1
7937
5685
5209
8627
3899
9769
9837
5913
1715
7935
9951
3479
429
5359
9127
305
4129
9617
3713
2201
9931
77
3703
4683
1089
5461
255
2389
3173
7559
1225
8327
8925
6227
4641
2133
7807
5815
8321
6065
5065
5375
3711
4925
9339
1717
8871
2227
8235
5619
5289
769
5895
7037
7577
7013
2677
3653
3261
9241
9875
141
3359
5891
4211
5213
9493
1003
5715
7987
1965
2365
3361
315
1293
3263
4415
9873
1369
2325
7411
9581
367
2525
925
1887
9397
37
2771
1475
3719
2071
8963
3905
3859
869
3581
9947
6513
3515
9495
7313
605
5243
5727
6879
1357
6287
9295
1125
5027
6875
8577
6147
2655
1923
3689
3911
9233
